629.508
629.609
629.609
629.613
629.617
629.621
629.625
629.629
629.637
629.641
629.645
629.648
629.652
629.652
629.652
629.652
629.652
629.652
629.652
629.652
629.652
629.652
629.652
629.652
629.652
629.652
629.652
629.652
629.652
629.652
629.652
629.652
629.652
629.652
629.652
629.652
629.652
629.652
629.652
629.652
629.652
629.652
629.652
629.652
629.652
629.652
629.652
629.652
629.652
629.652
629.652
629.652
629.652
629.652
629.652
629.652
629.652
629.652
629.652
629.652
629.652
629.652
629.652
629.652
629.652
629.652
629.652
629.652
629.652
629.652
629.652
629.652
629.652
629.652
629.652
629.652
629.652
629.652
629.652
629.652
629.652
629.652
629.652
629.652
629.652
629.652
629.652
629.652
629.652
629.652
629.652
629.652
629.652
629.652
629.652
629.652
629.652
629.652
629.652
629.652