639.059
639.289
639.289
640.324
640.324
640.324
640.324
640.324
640.324
640.324
640.324
640.324
640.324
640.324
640.324
640.324
640.324
640.324
640.324
640.324
640.324
640.324
640.324
640.324
640.324
640.324
640.324
640.324
640.324
640.324
640.324
640.324
640.324
640.324
640.324
640.324
640.324
640.324
640.324
640.324
640.324
640.324
640.324
640.324
640.324
640.324
640.324
640.324
640.324
640.324
640.324
640.324
640.324
640.324
640.324
640.324
640.324
640.324
640.324
640.324
640.324
640.324
640.324
640.324
640.324
640.324
640.324
640.324
640.324
640.324
640.324
640.324
640.324
640.324
640.324
640.324
640.324
640.324
640.324
640.324
640.324
640.324
640.324
640.324
640.324
640.324
640.324
640.324
640.324
640.324
640.324
640.324
640.324
640.324
640.324
640.324
640.324
640.324
640.324
640.324
