19.9116
19.5841
18.6619
19.3092
19.843
18.5957
20.2684
19.3612
18.692
18.8557
17.3518
17.897
18.2462
17.3235
18.166
17.7594
18.1563
17.3404
17.7596
18.0624
17.3285
18.5165
17.3936
17.8652
18.3817
17.8545
18.0305
18.0218
17.9502
17.4976
18.157
18.0889
17.336
18.5897
17.4172
17.8428
17.9248
17.3714
17.9927
17.4265
18.0897
17.4707
17.426
18.4158
17.3832
17.7491
18.0098
17.6658
17.6935
17.8528
17.8971
17.3884
18.3744
17.3786
17.7287
18.1041
17.7077
18.1056
18.1363
17.7046
17.9014
17.8531
18.0059
17.1931
18.3516
17.504
17.7989
17.9817
17.8226
18.5196
17.407
17.8192
17.8322
17.3961
18.5302
17.2913
17.8122
18.0705
17.7575
17.9667
18.2348
18.1157
17.3579
18.5184
18.1275
17.3841
18.2882
17.3357
17.6539
17.7635
17.2599
18.1404
18.025
18.0044
17.1216
18.1724
17.701
17.3385
18.3829