19.9682
20.3661
19.3846
19.0934
19.9909
19.7292
19.2984
20.0098
18.75
19.8135
20.3278
19.1036
20.0793
19.4771
18.9003
20.5081
18.8042
19.1867
21.3738
19.2554
19.561
20.2406
19.9309
20.776
19.4777
19.4585
20.8024
21.44
21.3508
20.8658
21.2703
21.4032
20.3976
21.1541
21.0014
21.1757
20.4527
21.1697
20.8102
21.4813
20.455
21.1454
21.3878
21.9059
20.578
20.8661
20.2497
20.4518
19.3415
19.3217
20.0373
20.3253
20.5713
19.0532
19.7085
20.2716
19.8998
20.1428
19.8226
19.3833
20.034
20.0606
19.792
20.3221
19.6792
19.9277
20.3318
19.701
19.7434
19.7274
19.7974
20.1659
20.4543
19.8226
19.3039
20.001
19.9982
20.3066
20.0927
19.0785
19.923
19.7697
19.9803
20.3651
19.334
19.5907
20.1344
19.5278
19.7595
19.2939
18.7337
19.6298
19.1524
19.1774
19.9237
18.8949
19.1336
19.5525
18.8819